0;0;7;0;0,16777216,0,0,0,0,0;6,1;1,1;70;0,2,4
1;1;7;0;16777216,33554432,0,0,0,0,0;6,1;1,1;70;2,2,2
2;0;7;0;16777216,67108864,0,0,0,0,0;6,1;23,1;70;0,4,4
3;1;7;0;0,83886080,0,0,0,0,0;6,1;5,1;70;0,2,4
4;0;7;0;0,218103808,0,0,0,0,0;6,1;13,1;70;0,2,4
5;1;7;0;16777216,100663296,0,0,0,0,0;6,1;22,1;70;0,2,4
6;0;7;0;16777216,-1845493760,0,0,0,0,0;6,1;20,1;70;0,142,4
7;1;7;0;16777216,167772160,0,0,0,0,0;6,1;19,1;70;0,2,4
8;0;7;1;0,452984832,0,0,0,0,0;7,1;27,1;46;0,143,4
9;1;7;1;50331648,687865856,0,0,0,0,0;7,1;4,1;41;0,2,4
10;0;7;1;50331648,754974720,0,0,0,0,0;7,1;13,1;45;0,2,4
11;1;7;1;50331648,335544320,0,0,0,0,0;7,2;29,0;20;0,2,4
12;0;7;1;16777216,134217728,0,0,0,0,0;7,1;8,1;42;0,2,4
13;1;7;1;0,184549376,0,0,0,0,0;7,1;11,1;35;0,2,4
14;0;7;1;50331648,805306368,0,0,0,0,0;7,1;21,1;48;0,2,4
15;1;7;1;33554432,100663296,0,0,0,0,0;7,1;24,1;37;0,2,4
16;1;7;2;0,385875968,0,0,0,0,0;6,1;23,1;70;14,16,18
17;0;1;2;16777216,268435456,0,0,0,0,0;26,1;9,1;70;16,16,16
18;1;3;2;33554432,100663296,0,0,0,0,0;1,2;29,0;70;14,16,18
19;0;7;2;16777216,369098752,0,0,0,0,0;6,1;4,1;70;14,16,18
20;0;1;2;0,436207616,0,0,0,0,0;26,2;29,0;70;14,16,18
21;0;3;2;16777216,301989888,0,0,0,0,0;1,1;22,1;70;14,18,18
22;0;1;2;16777216,402653184,0,0,0,0,0;26,1;0,1;70;14,16,18
23;1;3;2;0,33554432,0,0,0,0,0;1,1;2,1;70;14,16,18
24;0;7;3;50331648,922746880,0,0,0,0,0;7,1;18,1;55;14,16,18
25;0;1;3;50331648,620756992,0,0,0,0,0;7,2;10,1;37;14,16,18
26;0;3;3;0,402653184,0,0,0,0,0;7,1;24,1;42;14,16,18
27;1;7;3;0,452984832,0,0,0,0,0;7,1;27,1;0;14,143,18
28;0;1;3;0,184549376,0,0,0,0,0;7,1;11,1;15;14,16,18
29;1;3;3;50331648,855638016,0,0,0,0,0;7,1;9,1;51;14,16,18
30;0;7;3;50331648,268435456,0,0,0,0,0;7,1;25,1;16;14,16,18
31;0;3;3;16777216,335544320,0,0,0,0,0;7,1;3,1;30;14,16,18
32;0;7;4;16777216,503316480,0,0,0,0,0;8,1;3,1;27;30,30,30
33;0;4;4;16777216,603979776,0,0,0,0,0;18,2;29,0;15;28,30,32
34;1;7;4;16777216,536870912,0,0,0,0,0;8,1;25,1;53;28,32,32
35;1;4;4;0,385875968,0,0,0,0,0;18,1;23,1;27;28,30,32
36;0;7;4;16777216,-1845493760,0,0,0,0,0;8,1;19,1;15;28,142,32
37;0;4;4;16777216,637534208,0,0,0,0,0;18,1;26,1;53;28,30,32
38;1;7;4;33554432,16777216,0,0,0,0,0;8,1;22,1;15;28,30,32
39;1;4;4;16777216,603979776,0,0,0,0,0;18,1;24,1;15;28,30,32
40;0;7;5;50331648,1006632960,0,0,0,0,0;7,2;29,0;60;28,30,32
41;0;4;5;0,134217728,0,0,0,0,0;7,1;8,1;46;28,30,32
42;1;7;5;0,184549376,0,0,0,0,0;7,1;11,1;35;28,30,32
43;1;4;5;50331648,855638016,0,0,0,0,0;7,1;24,1;51;28,30,32
44;0;7;5;16777216,570425344,0,0,0,0,0;7,1;10,1;27;28,30,32
45;0;4;5;50331648,318767104,0,0,0,0,0;7,1;25,1;19;28,30,32
46;1;7;5;50331648,889192448,0,0,0,0,0;7,1;4,1;53;28,30,32
47;1;4;5;33554432,100663296,0,0,0,0,0;7,1;18,1;42;28,30,32
48;1;7;6;16777216,771751936,0,0,0,0,0;3,2;29,0;70;42,46,46
49;0;2;6;16777216,872415232,0,0,0,0,0;18,1;7,1;70;42,44,46
50;1;0;6;16777216,805306368,0,0,0,0,0;23,2;29,0;70;42,44,46
51;0;7;6;16777216,704643072,0,0,0,0,0;19,1;26,1;70;42,42,42
52;1;2;6;33554432,100663296,0,0,0,0,0;18,1;22,1;70;42,44,46
53;0;0;6;16777216,738197504,0,0,0,0,0;1,1;3,1;70;44,44,44
54;1;7;6;16777216,-1845493760,0,0,0,0,0;2,1;20,1;70;42,142,46
55;1;0;6;16777216,838860800,0,0,0,0,0;22,2;29,0;70;42,44,46
56;0;7;7;0,402653184,0,0,0,0,0;7,1;24,1;3;42,44,46
57;0;2;7;50331648,369098752,0,0,0,0,0;7,1;18,1;22;42,44,46
58;0;0;7;0,134217728,0,0,0,0,0;7,1;8,1;30;42,44,46
59;1;7;7;50331648,754974720,0,0,0,0,0;7,1;10,1;45;42,44,46
60;1;0;7;33554432,50331648,0,0,0,0,0;7,1;21,1;53;42,44,46
61;1;0;7;50331648,721420288,0,0,0,0,0;7,1;11,1;43;42,44,46
62;0;2;7;0,419430400,0,0,0,0,0;7,1;25,1;46;42,44,46
63;0;7;7;50331648,352321536,0,0,0,0,0;7,1;6,1;21;42,44,46
64;0;7;8;16777216,973078528,0,0,0,0,0;12,1;26,1;53;58,58,58
65;0;13;8;16777216,1040187392,0,0,0,0,0;12,1;20,1;46;56,58,60
66;0;8;8;16777216,1073741824,0,0,0,0,0;12,1;21,1;54;56,58,60
67;1;7;8;16777216,1006632960,0,0,0,0,0;12,1;19,1;15;56,60,60
68;1;13;8;16777216,1107296256,0,0,0,0,0;12,1;22,1;15;56,58,60
69;1;8;8;0,201326592,0,0,0,0,0;12,2;29,1;15;56,58,60
70;0;7;8;33554432,100663296,0,0,0,0,0;12,1;22,1;15;56,58,60
71;0;13;8;16777216,939524096,0,0,0,0,0;12,1;23,1;27;56,56,56
72;1;7;9;50331648,402653184,0,0,0,0,0;12,1;18,1;24;56,58,60
73;1;13;9;50331648,385875968,0,0,0,0,0;12,1;7,1;23;56,58,60
74;0;8;9;0,419430400,0,0,0,0,0;12,1;25,1;54;56,58,60
75;0;7;9;0,184549376,0,0,0,0,0;12,1;11,1;27;56,58,60
76;0;13;9;50331648,654311424,0,0,0,0,0;12,1;8,1;39;56,58,60
77;1;8;9;50331648,771751936,0,0,0,0,0;12,1;21,1;46;56,58,60
78;1;7;9;0,201326592,0,0,0,0,0;12,2;29,0;42;56,58,60
79;0;8;9;33554432,100663296,0,0,0,0,0;12,1;24,1;30;56,58,60
80;1;7;10;16777216,1207959552,0,0,0,0,0;6,1;3,1;70;72,72,72
81;0;12;10;16777216,-1845493760,0,0,0,0,0;22,1;20,1;70;70,142,74
82;0;10;10;16777216,1308622848,0,0,0,0,0;19,1;22,1;70;70,72,74
83;0;7;10;16777216,1241513984,0,0,0,0,0;6,1;26,1;70;70,74,74
84;0;12;10;33554432,100663296,0,0,0,0,0;22,2;29,0;70;70,72,74
85;0;10;10;0,33554432,0,0,0,0,0;19,1;2,1;70;70,72,74
86;1;7;10;16777216,1342177280,0,0,0,0,0;6,1;18,1;70;70,72,74
87;0;12;10;16777216,1174405120,0,0,0,0,0;22,1;19,1;70;70,70,70
88;0;7;11;50331648,637534208,0,0,0,0,0;7,1;18,1;38;70,72,74
89;0;12;11;0,134217728,0,0,0,0,0;7,1;8,1;27;70,72,74
90;0;10;11;0,419430400,0,0,0,0,0;7,1;25,1;43;70,72,74
91;0;7;11;50331648,637534208,0,0,0,0,0;7,2;29,0;38;70,72,74
92;0;12;11;0,184549376,0,0,0,0,0;7,1;11,1;54;70,72,74
93;0;10;11;50331648,385875968,0,0,0,0,0;7,1;3,2;23;70,72,74
94;1;7;11;33554432,67108864,0,0,0,0,0;7,1;24,1;30;70,72,74
95;0;10;11;50331648,771751936,0,0,0,0,0;7,1;21,1;46;70,72,74
96;0;4;12;16777216,1577058304,0,0,0,0,0;22,1;10,1;70;84,86,88
97;0;6;12;16777216,-1845493760,0,0,0,0,0;22,1;20,1;70;84,142,88
98;0;11;12;16777216,1476395008,0,0,0,0,0;22,1;1,1;70;84,88,88
99;1;7;12;16777216,1543503872,0,0,0,0,0;22,1;3,1;70;84,86,88
100;1;6;12;16777216,1409286144,0,0,0,0,0;22,1;0,1;70;84,84,84
101;0;11;12;16777216,1509949440,0,0,0,0,0;22,1;26,1;70;84,86,88
102;0;7;12;0,369098752,0,0,0,0,0;22,2;29,0;70;84,86,88
103;0;6;12;16777216,1442840576,0,0,0,0,0;22,1;19,1;70;86,86,86
104;1;7;13;0,419430400,0,0,0,0,0;7,1;25,1;43;84,86,88
105;0;11;13;16777216,1509949440,0,0,0,0,0;7,1;6,1;15;84,86,88
106;0;11;13;0,33554432,0,0,0,0,0;7,1;2,1;46;84,86,88
107;0;7;13;50331648,889192448,0,0,0,0,0;7,1;19,1;53;84,86,88
108;0;6;13;50331648,738197504,0,0,0,0,0;7,1;20,1;44;84,86,88
109;1;11;13;0,369098752,0,0,0,0,0;7,1;22,1;54;84,86,88
110;1;7;13;0,184549376,0,0,0,0,0;7,1;11,1;30;84,86,88
111;0;11;13;33554432,83886080,0,0,0,0,0;7,1;26,1;43;84,86,88
112;0;7;14;16777216,1778384896,0,0,0,0,0;23,1;26,1;70;98,106,104
113;0;5;14;16777216,1644167168,0,0,0,0,0;23,1;6,1;70;98,98,98
114;0;9;14;16777216,1677721600,0,0,0,0,0;23,1;1,1;70;100,100,100
115;0;7;14;0,385875968,0,0,0,0,0;23,2;29,0;70;98,100,104
116;0;5;14;16777216,1711276032,0,0,0,0,0;23,1;22,1;70;98,100,104
117;0;9;14;16777216,1744830464,0,0,0,0,0;23,1;0,1;70;98,104,104
118;0;7;14;16777216,-1845493760,0,0,0,0,0;23,1;20,1;70;98,142,104
119;0;9;14;16777216,1811939328,0,0,0,0,0;23,1;3,1;70;98,100,104
120;1;7;15;50331648,754974720,0,0,0,0,0;7,2;29,1;45;98,100,104
121;1;5;15;0,134217728,0,0,0,0,0;7,1;8,1;15;98,100,104
122;1;9;15;0,83886080,0,0,0,0,0;7,1;5,1;54;98,100,104
123;1;7;15;0,452984832,0,0,0,0,0;7,1;27,1;31;98,143,104
124;1;5;15;50331648,771751936,0,0,0,0,0;7,1;21,1;46;98,100,104
125;1;9;15;0,419430400,0,0,0,0,0;7,1;25,1;27;98,100,104
126;1;7;15;0,402653184,0,0,0,0,0;7,1;24,1;35;98,100,104
127;1;5;15;0,184549376,0,0,0,0,0;7,1;11,1;46;98,100,104
128;1;7;16;67108864,2013265920,50331648,50331648,0,0,0;22,1;20,1;70;118,112,112
129;1;7;16;67108864,1895825408,33554432,16777216,83886080,0,0;19,1;13,1;70;118,112,115
130;1;7;16;67108864,1912602624,16777216,33554432,33554432,0,0;22,1;20,1;70;118,112,115
131;1;7;16;67108864,1929379840,33554432,0,0,0,0;19,2;29,0;70;118,115,115
132;0;7;16;67108864,2013265920,50331648,50331648,0,0,0;22,1;2,1;70;118,112,112
133;0;7;16;67108864,1895825408,33554432,16777216,83886080,0,0;19,1;13,1;70;118,112,115
134;0;7;16;67108864,1912602624,16777216,33554432,33554432,0,0;22,2;29,0;70;118,112,115
135;0;7;16;67108864,1929379840,33554432,0,0,0,0;19,1;21,1;70;118,115,115
136;1;7;17;50331648,218103808,0,0,0,0,0;7,1;14,1;13;118,112,115
137;1;7;17;50331648,889192448,0,0,0,0,0;7,1;15,1;53;118,112,115
138;1;7;17;50331648,251658240,0,0,0,0,0;7,1;16,1;15;118,112,115
139;1;7;17;50331648,771751936,0,0,0,0,0;7,1;17,1;46;118,112,115
140;0;7;17;50331648,721420288,0,0,0,0,0;7,1;14,1;43;118,112,115
141;0;7;17;50331648,788529152,0,0,0,0,0;7,1;15,1;47;118,112,115
142;0;7;17;33554432,100663296,0,0,0,0,0;7,1;16,1;35;118,112,115
143;0;7;17;33554432,100663296,0,0,0,0,0;7,1;17,1;54;118,112,115
144;0;7;0;83886080,33554432,0,0,0,0,0;6,2;29,0;70;0,2,4
145;1;7;15;-1,0,0,0,0,0,0;7,1;14,3;22;98,100,104
146;1;7;0;16777216,100663296,0,0,0,0,0;6,1;22,1;70;0,2,4
147;0;7;5;100663296,134217728,0,0,0,570425344,-2013265920;7,2;29,0;53;132,132,132
148;0;3;2;100663296,33554432,0,0,0,301989888,-1996488704;6,1;1,1;70;133,133,133
149;0;7;12;67108864,1610612736,83886080,83886080,167772160,0,0;22,2;29,0;70;84,86,88
150;0;7;8;67108864,1107296256,83886080,83886080,167772160,0,0;12,2;29,0;54;56,58,60
151;1;7;10;1879048192,0,83886080,83886080,0,0,0;19,1;13,1;15;70,72,74
152;0;7;0;16777216,117440512,0,0,0,0,0;6,1;23,1;70;0,2,4
153;1;7;10;1879048192,0,83886080,83886080,0,0,0;19,1;13,1;15;70,72,74
154;0;7;12;16777216,1509949440,0,0,0,0,0;22,1;19,1;70;84,86,88
155;0;7;6;67108864,905969664,67108864,33554432,0,0,0;6,1;19,1;70;42,46,46
156;0;7;18;0,369098752,0,0,0,0,0;22,1;0,1;70;149,151,153
157;0;7;18;16777216,-1778384896,0,0,0,0,0;22,1;20,1;70;149,146,153
158;0;3;18;16777216,-1627389952,0,0,0,0,0;23,1;19,1;70;149,155,153
159;0;7;18;16777216,-1694498816,0,0,0,0,0;22,1;6,1;70;151,151,151
160;1;7;18;33554432,100663296,0,0,0,0,0;13,1;0,1;70;149,151,153
161;1;7;18;16777216,-1660944384,0,0,0,0,0;22,1;1,1;70;149,153,153
162;1;14;18;16777216,-1728053248,0,0,0,0,0;22,1;19,1;70;149,149,149
163;1;7;18;0,50331648,0,0,0,0,0;2,1;3,1;70;149,151,153
164;1;7;19;16777216,-1593835520,0,0,0,0,0;7,1;16,1;35;149,151,153
165;0;7;19;50331648,1090519040,0,0,0,0,0;7,1;24,1;65;149,151,153
166;0;7;19;0,419430400,0,0,0,0,0;7,1;25,1;41;149,151,153
167;0;7;19;33554432,67108864,0,0,0,0,0;7,1;0,1;54;149,151,153
168;0;7;19;50331648,352321536,0,0,0,0,0;7,1;14,1;21;149,151,153
169;0;7;19;50331648,1023410176,0,0,0,0,0;7,1;28,1;61;149,151,153
170;1;7;19;50331648,620756992,0,0,0,0,0;7,1;9,1;37;149,151,153
171;0;7;19;50331648,469762048,0,0,0,0,0;7,1;19,1;28;149,151,153
172;0;7;18;100663296,-1660944384,0,0,0,-1644167168,-1761607680;22,2;29,0;70;147,154,147
173;0;15;18;16777216,-1560281088,0,0,0,0,0;22,1;23,1;70;159,159,159
174;0;7;18;0,83886080,0,0,0,0,0;5,2;29,0;70;149,151,153
175;1;7;0;0,50331648,0,0,0,0,0;6,1;3,1;70;0,2,4
176;1;9;15;0,352321536,0,0,0,0,0;7,1;21,1;54;98,100,104
177;0;13;8;16777216,-1845493760,0,0,0,0,0;12,1;20,1;53;56,142,60
178;1;7;2;0,469762048,0,0,0,0,0;28,2;29,0;70;14,16,18
179;1;16;20;16777216,-1979711488,0,0,0,0,0;6,1;9,1;70;134,134,134
180;1;7;20;16777216,-1409286144,0,0,0,0,0;22,1;19,1;70;168,168,168
181;0;7;20;16777216,-1275068416,0,0,0,0,0;1,2;29,0;70;134,168,170
182;0;7;20;0,67108864,0,0,0,0,0;6,1;4,1;70;134,168,170
183;0;7;20;0,452984832,0,0,0,0,0;23,1;27,1;70;134,143,170
184;1;17;20;0,50331648,0,0,0,0,0;1,1;3,1;70;134,168,170
185;1;7;20;0,385875968,0,0,0,0,0;22,1;23,1;70;134,168,170
186;0;6;20;16777216,-1845493760,0,0,0,0,0;20,1;10,1;70;134,142,170
187;1;16;21;16777216,-1375731712,0,0,0,0,0;7,1;0,1;53;134,170,170
188;0;7;21;16777216,-1342177280,0,0,0,0,0;7,1;19,1;27;134,172,170
189;0;7;21;16777216,-1308622848,0,0,0,0,0;7,2;29,0;3;134,168,170
190;0;7;21;33554432,100663296,0,0,0,0,0;7,1;18,1;15;134,168,170
191;0;7;21;50331648,939524096,0,0,0,0,0;7,1;24,1;56;134,168,170
192;1;18;21;50331648,285212672,0,0,0,0,0;7,1;25,1;17;134,168,170
193;1;7;21;50331648,184549376,0,0,0,0,0;7,1;21,1;11;134,168,170
194;1;7;21;50331648,754974720,0,0,0,0,0;7,1;13,1;45;134,168,170
195;0;7;21;134217728,0,0,0,0,0,0;7,1;24,1;53;172,172,172
196;0;16;20;0,369098752,0,0,0,0,0;22,1;3,1;70;134,168,170
197;0;7;20;0,16777216,0,0,0,0,0;1,1;19,1;70;134,168,170